1500007607
1500007608
1500007609
1500007610
1500007611
1500007612
1500007613
1500007614
1500007615
1500007616
1500007617
1500007618
1500007619
1500007620
1500007621
1500007624
1500007626
1500007627
1500007628
1500007629
1500007630
1500007632
1500007633
1500007634
1500007635
1500007637
1500007638
1500007639
1500007640
1500007641
1500007642
1500007643
1500007645
1500007646
1500007647
1500007648
1500007649
1500007650
1500007652
1500007653
1500007654
1500007655
1500007656
1500007657
1500007658
1500007659
1500007660
1500007661
1500007662
1500007663
1500007664
1500007665
1500007666
1500007668
1500007670
1500007673
1500007675
300060720
300062178
300065072
300065073
300065075
300065076
300065077
300065078
300065079
300065081
300065082
300065083
300065084
300065085
300065086
300065087
300065088
300065089
300065090
300065091
300065092
300065095
300065096
300065097
300065098
300065099
300065101
300065103
300065104
300065105
300065106
300065108
300065109
300065110
300065111
300065112
300065113
300065114
300065115
300065117
300065119
300065121
300065122
300065124
300065125
300065127
300065129
300065132
300065133
300065134
300065135
300065136
300065137
300065138
300065139
300065140
300065141
300065143
300065145
300065149
300065151
300065153
300065155
300065156
300065158
300065159
300065161
300065162
300065167
300065169
300065170
300065172
300065175
300065177
300065178
300065181
300065182
300065183
300065184
300065186
300065187
300065188
300065190
300065191
300065192
300065193
300065195
300065197
300065199
300065201
300065202
300065203
300065204
300065207
300065210
300065211
300066035
300066036
300066038
300066039
300066042
300066043
300066044
300066045
300066047
300066048
300066049
300066051
300066052
300066053
300066054
300066055
300066056
300066057
300066058
300066059
300066060
300066061
300066062
300066064
300066065
300066067
300066068
300066070
300066071
300066075
300066076
300066077
300066078
300066079
300066080
300066083
300066085
300066086
300066087
300066088
300066089
300066090
300066092
300066094
300066095
300066096
300066097
300066098
300066099
300066103
300066105
300066107
300066108
300066109
300066111
300066112
300066113
300066115
300066116
300066117
300066118
300066121
300066122
300066124
300066126
300066127
300066128
300066129
300066130
300066131
300066133
300066134
300066135
300066137
300066140
300066144
300066145
300066147
300066149
300066150
300066151
300066152
300066153
300066154
300066155
300066156
300066159
300066160
300066163
300066164
300066166
300066167
300066169
300066171
300066174
300066175
300066177
300066178
300066179
300066180
300066182
300066183
300066184
300066185
300066189
300066190
300066191
300066194
300066195
300066198
300066199
300066200
300066201
300066202
300066204
300066205
300066206
300066207
300066210
300066211
300066213
300066215
300066217
300066218
300066219
300066220
300066221
300066222
300066223
300066224
300066226
300066228
300066231
300066232
300066235
300066236
300066237
300066239
300066243
300066244
300066246
300066247
300066248
300066253
300066255
300066256
300066257
300066259
300066262
300066263
300066264
300066265
300066266
300066267
300066268
300066270
300066271
300066272
300066273
300066274
300066275
300066277
300066278
300066279
300066281
300066282
300066284
300066292
300066296
300066297
300066300
300066302
300066305
300066306
300066307
300066308
300066310
300066311
300066312
300066313
300066314
300066316
300066317
300066319
300066323
300066325
300066327
300066328
300066330
300066332
300066334
300066336
300066339
300066343
300066349
300066351
300066355
300066359
300066361
300066363
300066364
300066365
300066366
300066370
300066372
300066375
300066376
300066378
300066383
300066384
300066385
300066386
300066389
300066391
300066392
300066400
300066401
300066404
300066405
300066411
300066412
300066422
300066423
300066425
300066426
300066427
300066428
300066429
300066430
300066432
300066435
