300065670
300065671
300065666
300065664
300065665
300065678
300065679
300065676
300065677
300065674
300065673
300065687
300065686
300065685
300065684
300065683
300065681
300065680
300065695
300065694
300065693
300065692
300065691
300065690
300047754
300065700
300065701
300065703
300065696
300065697
300065708
300065709
300065711
300065704
300065705
300065707
300065716
300065718
300065712
300065725
300065727
300065721
300065720
300065723
300065728
300065729
300065732
300065738
300052105
300065739
300065737
300065742
300065743
300065741
300065745
300065751
300065749
300065755
300065754
300065753
300065758
300065757
300065756
300065760
300065761
300065762
300065764
300049982
300065765
300065766
300065768
300065769
300065770
300065771
300065774
300065777
300065776
300065779
300065783
300065784
300065787
300065789
300065788
300065791
300065551
300065548
300065546
300065545
300065544
300065543
300065542
300065541
300065540
300052033
300065539
300065566
300065567
300065564
300065565
300065562
300065561
300065558
300065559
300065556
300065557
300065554
300065555
300065553
300065581
300065577
300065576
300065579
300065578
300065573
300065575
300065569
300065568
300065571
300065596
300065598
300065599
300065592
300056921
300065593
300065594
300065595
300065588
300060773
300065589
300065590
300065591
300065584
300065585
300065586
300065587
300065611
300065610
300065609
300065608
300065615
300065613
300050073
300065603
300065602
300065601
300065600
300065606
300065604
300051993
300065627
300065631
300065618
300065619
300065617
300065623
300065621
300054403
300065641
300065643
300065645
300065633
300065632
300065635
300065637
300065638
300065657
300065658
300065659
300065661
300065662
300065649
300047712
300065651
300065652
300065653
300065655
300065428
300065427
300065426
300065436
300065439
300065438
300065433
300065435
300065434
300065412
300065413
300065408
300065409
300065411
300065420
300065421
300065422
300065423
300065416
300065417
300065419
300065463
300065462
300065461
300065459
300065458
300065457
300065456
300065471
300065470
300065469
300065468
300065466
300065464
300065446
300065447
300065445
300065442
300065443
300065440
300065441
300065455
300065452
300065453
300065451
300065448
300065449
300065489
300065488
300065490
300065492
300065495
300065494
300065496
300065498
300065501
300065500
300065503
300065502
300065472
300065473
300065474
300065475
300065476
300065477
300065478
300065479
300065480
300065481
300065483
300065484
300065485
300065486
300065487
300065522
300065524
300065530
300065529
300065535
300065534
300065533
300047598
300065507
300065505
300065510
300065508
300065515
300065513
300065518
300065519
300065516
300065517
300065308
300065309
300065310
300065311
300065306
300065307
300065300
300065301
300065302
300065303
300065297
300065298
300065293
300065292
300065295
300065294
300065289
300054242
300065288
300065291
300065290
300065285
300065284
300065280
300065282
300065342
300065340
300065341
300065338
300065339
300056664
300065337
300065334
300065335
300065332
300065333
300065331
300065327
300065326
300065323
300065322
300065321
300065320
300065319
300065317
300065315
300065314
300065313
300065312
300065368
300065370
300065371
300065372
300050311
300065373
300065375
300065360
300065362
300065363
300065364
300065365
300065366
300050317
300065353
300065354
300065357
300065356
300065358
300065345
300065344
300065347
300063114
300065346
300065348
300054189
300065351
300065403
300065400
300065401
300065406
300065404
300065392
300065393
300065398
300065396
300065397
300065387
300065386
300065385
300050354
300065384
300065391
300050356
300065390
300065389
300065388
300065379
300065378
300065377
300065376
300065383
300065382
300065381
300065380
300043906
300065212
300065214
300049501
300065253
300065254
300065248
300065249
300065250
300065251
300065256
300065257
300065258
300065264
300065267
300065266
300065277
300065276
300065279
300065273
300065272
300065275
300065274
300065223
300065218
300065219
300065216
300065217
300065230
300048349
300065228
300065226
300065227
300065224
300065239
300065237
300065235
300065247
300065246
300065244
300065243
300065242
300065241
300065240
300065064
300065067
300065066
300065069
300065068
300065057
300065056
300065058
300065061
300065060
300065063
300065035
300065034
300065033
300065032
300065039
300065038
300065037
300065036
300065027
300065030
300065029
300065028
300065051
300065048
300065054
300065055
300065052
300065053
300065042
300065043
300065040
300065046
300065044
300065045
300048236
300048230
300036442
300048223
300048222
300053593
300064945
300064951
300064950
300064949
300064955
300064954
300064953
300064952
300064959
300064958
300064957
300064930
300064931
300064928
300064929
300064934
300064935
300064933
300064938
300057290
300064939
300064937
300064942
300064912
300064914
300064917
300064916
300064919
300064918
300064921
300064920
300064922
300064925
300064924
300064896
300064897
300064899
300064901
300064902
300064903
300064904
300064905
300064906
300064907
300064909
300064911
300065015
300065014
300065012
300065011
300065010
300065009
300065008
300065023
300065022
300065021
300065020
300055694
300065018
300065017
300065016
300064998
300064999
300064996
300064997
300064995
300064992
300064993
300065006
300065007
300065004
300065005
300065002
300065003
300065000
300065001
300048071
300064983
300064982
300064976
300064979
300064978
300064989
300064988
300064991
300064990
300064985
300064987
300064964
300064965
300064966
300064960
300064973
300064975
300064968
300064971
300064827
300064824
300064825
300064830
300064831
300064829
300064819
300064816
300064817
300064822
300064823
300064820
300055623
300064821
300064811
300064809
300064808
300064815
300064814
300064813
300064812
300064803
300064801
300064807
300064806
300064805
300064804
300064792
300064793
300064796
300064797
300064798
300064784
300064785
300064786
300064788
300064789
300064790
300064791
300064777
300064776
300064779
300064778
300064781
300064783
300064782
300064769
300064768
300064771
300064770
300064772
300064775
300064774
300064894
300064895
300064892
300064890
300064891
300064888
300051771
300064886
300064887
300064884
300064885
300064882
300064883
300064880
300064881
300064878
300049847
300064877
300064876
300064875
300064872
300064871
300064868
300064867
300064866
300064865
300064864
300064860
300057149
300064862
300064863
300064857
300064852
300064853
300064855
300064848
300064849
300064850
300064851
300064844
300064846
300064840
300064843
300064842
300064837
300064838
300064833
300064832
300064835
300051176
300060068
300051020
300053495
300053453
300051354
300044316
300049227
300066444
300049260
300051439
300059741
300049299
300066320
300066287
300066252
300048401
300060464
300066242
300048389
300054956
300066216
300048511
300066233
300066234
300066225
300055032
300066188
300047220
300040921
300066136
300054873
300047160
300066101
300047144
300050499
300054905
300066069
300047114
300066046
300066041
300048686
300066034
300066033
300066030
300066031
300066028
300066029
300066026
300066027
300066024
300066022
300066023
300066020
1500006952
300066021
300066018
300066019
300066017
300066013
300066012
300050846
300066015
300066009
300066008
300066011
300066005
300066007
300066006
300066001
300066000
300066002
300065996
300065997
300065998
300065993
300065994
300065995
300065988
300065984
300065985
300065979
300065978
300065977
300065976
300065982
300052566
300065971
300065970
300040971
300065975
300064638
300065974
300065973
300065972
300065963
300065960
300065961
300047036
300065967
300065954
300065955
300065952
300065953
300065958
300065959
300065956
300062665
300065947
300065946
300065949
300065948
300065951
300065950
300065937
300065936
300065938
300065940
300065943
300065942
300065929
300065930
300065931
300065932
300065933
300065934
300065920
300065921
300065922
300065924
300065925
300065927
300065910
300065911
300065909
300065906
300065905
300065918
300065919
300065916
300065917
300065914
300065915
300065912
300065913
300065895
300065894
300065893
300065892
300065891
300065890
300065888
300065901
300065900
300065899
300065898
300065897
300065896
300065878
300065872
300065873
300065874
300065875
300065884
300065881
300046923
300065882
300065883
300065861
300065860
300065862
300065857
300065856
300065859
300065869
300065871
300065870
300065865
300065864
300065866
300064762
300065843
300065840
300065841
300065846
300064766
300065847
300065844
300064764
300050806
300065845
300064765
300065850
300064754
300065851
300064755
300064752
300064753
300065854
300065855
300064759
300065852
300065827
300065825
300065824
300065831
300065830
300064750
300065829
300065828
300065833
300065832
300065839
300065838
300065837
300065836
300065808
300065809
300065810
300065811
300065812
300065814
300065815
300065816
300048834
300065817
300060386
300065821
300065822
300046867
300065792
300065795
300065794
300065797
300065796
300065799
300065801
300065800
300065803
300065802
300065805
300065804
300065807
